Number of lights: 2
Type: Directional
Position: 0.46629629629629638 2.2947222222222221 1
Direction: -0.82237623762376244 1.420940594059406 1
Color: 1 1 1
Intensity: 0.40000000000000002
Type: Directional
Position: 2 -1 1
Direction: 0.75188118811881188 1.4445544554455445 1
Color: 1 1 1
Intensity: 0.40000000000000002
